4
3 0 12 0 9 5 6 0 10 0 0 2 0 0 16 1 
0 10 0 2 4 0 0 15 0 5 14 0 0 0 0 0 
0 4 0 1 0 0 16 7 8 3 0 12 6 13 0 0 
14 0 15 0 0 0 3 0 0 11 1 0 0 10 5 0 
0 0 11 5 0 0 7 0 16 0 0 9 0 15 0 0 
0 2 7 0 0 0 8 16 0 0 10 0 0 0 0 4 
0 0 0 0 0 9 0 0 0 0 3 14 0 5 0 0 
16 1 0 0 0 0 0 0 7 6 11 0 0 2 13 14 
8 7 4 0 0 11 14 5 0 0 0 0 0 0 2 6 
0 0 9 0 16 8 0 0 0 0 12 0 0 0 0 0 
2 0 0 0 0 13 0 0 4 16 0 0 0 8 3 0 
0 0 16 0 6 0 0 1 0 14 0 0 12 11 0 0 
0 16 14 0 0 4 5 0 0 7 0 0 0 3 0 8 
0 0 13 7 8 0 9 3 11 15 0 0 2 0 14 0 
0 0 0 0 0 14 10 0 5 0 0 3 15 0 6 0 
12 3 0 0 11 0 0 2 0 1 6 10 0 4 0 7 
