3
0 0 0 2 6 0 7 0 1
6 8 0 0 7 0 0 9 0
1 9 0 0 0 4 5 0 0
8 2 0 1 0 0 0 4 0
0 0 4 6 0 2 9 0 0
0 5 0 0 0 3 0 2 8
0 0 9 3 0 0 0 7 4
0 4 0 0 5 0 0 3 6
7 0 3 0 1 8 0 0 0

hard:
3
0 0 0 0 0 3 0 1 7 
0 1 5 0 0 9 0 0 8 
0 6 0 0 0 0 0 0 0 
1 0 0 0 0 7 0 0 0 
0 0 9 0 0 0 2 0 0 
0 0 0 5 0 0 0 0 4 
0 0 0 0 0 0 0 2 0 
5 0 0 6 0 0 3 4 0 
3 4 0 2 0 0 0 0 0

3
0 0 3 0 2 0 6 0 0
9 0 0 3 0 5 0 0 1
0 0 1 8 0 6 4 0 0
0 0 8 1 0 2 9 0 0
7 0 0 0 0 0 0 0 8
0 0 6 7 0 8 2 0 0
0 0 2 6 0 9 5 0 0
8 0 0 2 0 3 0 0 9
0 0 5 0 1 0 3 0 0

4
0 15 0 1 0 2 10 14 12 0 0 0 0 0 0 0
0 6 3 16 12 0 8 4 14 15 1 0 2 0 0 0
14 0 9 7 11 3 15 0 0 0 0 0 0 0 0 0
4 13 2 12 0 0 0 0 6 0 0 0 0 15 0 0
0 0 0 0 14 1 11 7 3 5 10 0 0 8 0 12
3 16 0 0 2 4 0 0 0 14 7 13 0 0 5 15
11 0 5 0 0 0 0 0 0 9 4 0 0 6 0 0
0 0 0 0 13 0 16 5 15 0 0 12 0 0 0 0
0 0 0 0 9 0 1 12 0 8 3 10 11 0 15 0
2 12 0 11 0 0 14 3 5 4 0 0 0 0 9 0
6 3 0 4 0 0 13 0 0 11 9 1 0 12 16 2
0 0 10 9 0 0 0 0 0 0 12 0 8 0 6 7
12 8 0 0 16 0 0 10 0 13 0 0 0 5 0 0
5 0 0 0 3 0 4 6 0 1 15 0 0 0 0 0
0 9 1 6 0 14 0 11 0 0 2 0 0 0 10 8
0 14 0 0 0 13 9 0 4 12 11 8 0 0 2 0

very hard:
3
0 0 0 0 0 6 0 0 0
0 8 0 5 0 0 0 0 1
4 2 0 0 0 0 8 0 0
0 1 0 0 4 0 0 0 2
0 0 0 0 0 8 0 1 0
5 0 0 7 0 0 9 0 0
7 0 0 0 0 0 0 0 9
2 0 8 9 3 0 4 0 0
0 0 3 4 0 0 0 0 6

3
0 8 0 0 3 2 0 0 1
7 0 3 0 8 0 0 0 2
5 0 0 0 0 7 0 3 0
0 5 0 0 0 1 9 7 0
6 0 0 7 0 9 0 0 8
0 4 7 2 0 0 0 5 0
0 2 0 6 0 0 0 0 9
8 0 0 0 9 0 3 0 5
3 0 0 8 2 0 0 1 0

extreme difficulty:
5
0 0 12 6 0 0 7 0 18 0 5 24 0 10 1 0 0 4 0 0 0 0 0 0 0 
2 0 19 0 13 0 0 0 10 0 0 0 0 0 0 0 0 18 5 0 0 0 0 0 1 
0 0 0 0 0 0 0 22 0 0 0 0 3 0 2 0 0 14 12 0 16 8 25 0 0 
0 16 0 0 0 2 23 0 0 13 12 22 0 0 0 21 15 19 3 0 0 0 0 14 0 
23 0 24 0 0 0 0 0 25 8 4 0 16 19 21 0 0 7 0 0 0 3 12 0 9 
0 4 0 2 0 0 0 0 0 0 0 10 0 24 12 17 16 0 0 0 5 0 0 0 0 
0 0 9 0 0 6 25 0 0 0 8 0 5 3 0 0 0 0 0 0 20 0 0 18 19 
15 0 10 11 0 0 0 18 12 19 0 0 0 0 0 0 0 23 0 0 7 0 0 4 0 
0 0 0 0 0 0 0 14 0 22 0 0 18 16 20 0 6 11 13 0 0 0 0 0 0 
0 22 0 25 0 0 1 17 5 4 7 0 0 14 0 8 3 21 0 0 11 0 0 0 6 
0 20 13 15 0 0 0 0 0 0 9 0 0 2 0 25 0 1 8 0 0 5 0 21 0 
0 1 0 0 0 0 16 10 0 7 0 0 4 20 0 0 9 0 0 14 0 24 0 17 0 
25 2 5 0 0 0 0 0 13 0 0 0 0 0 22 0 0 0 0 0 19 1 8 0 0 
0 0 7 21 0 0 12 0 2 17 0 0 0 18 6 16 0 0 15 0 0 13 0 10 0 
8 10 18 12 16 9 0 0 0 5 0 0 0 0 19 0 0 17 0 21 0 15 0 0 22 
0 8 0 0 15 0 3 0 6 0 21 0 0 7 0 18 14 5 0 1 0 0 0 0 0 
0 0 0 19 0 1 0 16 11 0 0 0 10 22 25 15 0 0 0 0 0 0 21 0 0 
0 3 1 0 21 0 0 4 0 0 0 0 2 0 13 0 24 25 0 0 14 0 0 6 0 
0 0 0 0 0 0 0 15 0 12 14 0 6 17 24 0 0 0 0 0 0 0 13 0 0 
0 5 23 16 4 0 13 24 7 2 0 9 0 0 15 3 0 22 0 0 0 0 0 0 8 
0 0 25 20 2 0 19 0 0 0 0 1 0 0 0 0 21 3 0 0 12 0 0 0 0 
16 12 0 5 0 11 21 0 23 0 0 15 0 0 0 0 19 9 0 0 0 0 0 25 10 
0 0 0 0 9 20 22 7 4 0 3 0 14 25 18 0 11 0 0 0 0 0 1 0 15 
24 0 6 0 22 8 0 25 14 0 10 11 0 9 0 20 1 16 0 7 0 23 0 0 13 
14 13 21 1 0 0 5 0 0 0 6 0 22 0 23 10 0 0 0 2 0 0 18 7 11

hard:
4
0 2 14 0 0 0 16 4 0 0 0 1 0 0 5 0 
0 0 9 0 0 10 0 1 0 0 0 0 0 4 0 0 
0 0 0 0 13 6 0 0 0 14 0 0 15 12 0 16 
6 5 10 0 8 2 0 0 0 12 0 0 0 1 0 7 
9 0 5 4 1 0 0 2 0 0 0 0 12 0 7 0 
0 0 0 0 11 0 0 13 0 3 0 0 0 0 0 1 
0 0 0 0 16 0 0 0 13 10 15 9 14 0 4 0 
10 0 0 11 0 4 8 15 0 0 0 0 5 0 13 0 
0 11 0 1 0 0 0 0 10 7 4 0 3 0 0 6 
0 7 0 2 14 16 6 10 0 0 0 11 0 0 0 0 
16 0 0 0 0 0 1 0 12 0 0 14 0 0 0 0 
0 4 0 10 0 0 0 0 15 0 0 2 16 5 0 11 
11 0 12 0 0 0 14 0 0 0 13 7 0 9 6 2 
8 0 7 9 0 0 11 0 0 0 14 10 0 0 0 0 
0 0 4 0 0 0 0 0 11 0 2 0 0 8 0 0 
0 6 0 0 12 0 0 0 9 8 0 0 0 14 1 0
