5
11 0 0 2 24 0 8 25 16 1 0 0 0 0 20 10 0 18 21 0 5 0 7 13 4 
21 14 0 3 0 0 0 13 0 17 6 5 0 0 2 19 0 15 0 0 24 12 9 22 11 
0 0 6 0 0 9 2 0 0 10 0 18 0 8 0 14 0 22 3 0 20 0 0 0 23 
0 22 0 0 0 0 21 0 14 5 9 0 0 0 0 0 0 0 0 0 0 0 0 2 19 
23 0 9 16 17 11 0 6 15 0 0 0 13 24 0 0 0 12 0 0 10 8 0 0 21 
24 17 15 8 13 0 11 0 4 0 0 20 16 0 6 7 25 9 0 0 1 10 0 0 3 
19 0 0 0 5 0 16 0 2 0 12 0 0 18 24 0 10 6 0 0 0 0 0 25 0 
0 20 10 0 6 21 5 0 12 0 0 15 0 0 0 18 22 0 0 3 0 0 0 17 16 
0 0 0 22 3 14 1 10 0 6 0 0 8 25 0 4 0 19 20 5 0 0 0 0 0 
4 0 0 0 0 24 0 15 25 0 7 0 10 21 0 2 0 0 14 8 0 19 5 20 0 
0 0 0 5 0 10 0 0 6 22 16 4 17 0 0 0 0 0 24 0 0 18 0 0 0 
12 25 0 10 21 0 0 17 0 0 0 0 2 23 0 0 0 0 0 14 0 4 0 0 0 
0 19 4 0 16 15 0 1 0 14 5 10 6 9 11 20 0 2 0 13 21 0 17 3 0 
0 0 0 7 0 4 0 0 0 0 0 25 20 0 0 0 0 5 0 0 12 24 0 14 6 
0 0 0 24 0 0 12 0 0 0 0 0 22 19 3 16 7 0 0 4 0 2 0 0 0 
0 10 2 19 0 1 18 0 0 4 0 9 24 0 23 0 11 3 0 22 0 0 0 0 5 
0 0 0 0 0 8 7 14 0 12 0 13 25 0 0 21 0 4 9 16 15 20 0 0 0 
8 13 0 0 0 2 0 0 19 23 0 0 0 20 0 0 18 0 15 7 4 0 6 1 0 
0 12 0 0 0 0 0 20 10 0 11 16 0 0 8 0 5 0 13 0 3 0 0 0 9 
5 0 0 15 4 0 0 11 9 25 2 0 3 6 0 0 20 0 10 0 22 17 18 23 14 
3 0 0 4 8 0 0 21 0 0 0 17 1 0 0 0 23 7 0 19 16 9 15 0 10 
6 23 0 0 0 0 0 0 0 0 0 0 0 0 18 11 2 0 17 0 0 0 0 7 0 
1 0 0 0 20 0 25 12 0 2 0 8 0 15 0 9 0 0 5 24 0 0 13 0 0 
10 7 16 17 14 0 0 18 0 13 24 0 0 22 9 3 0 20 0 0 0 5 0 12 25 
25 2 5 0 15 0 10 19 0 7 4 0 0 0 0 13 12 1 16 0 11 21 0 0 20 
