5
20 17 0 0 0 5 13 4 0 25 22 0 2 0 21 23 12 0 0 24 6 7 0 0 9 
5 13 8 0 0 14 9 0 15 7 18 0 0 17 0 0 0 2 0 0 20 0 0 0 0 
0 6 18 14 12 24 0 7 0 0 3 0 0 23 5 16 8 20 0 0 15 25 11 22 0 
0 0 4 8 25 17 0 1 2 13 19 20 7 22 16 0 0 18 5 0 0 10 0 0 0 
10 20 3 0 14 11 0 0 5 21 0 25 18 0 0 0 0 23 6 7 0 16 9 0 2 
0 0 0 10 1 9 0 6 11 0 17 4 22 25 18 0 0 7 0 5 0 0 0 0 0 
24 0 7 0 3 0 0 23 25 9 0 16 10 14 12 0 0 6 22 18 0 13 0 5 19 
9 0 0 24 2 0 6 0 0 0 5 18 19 0 0 10 0 12 3 4 0 0 14 0 21 
0 0 12 0 23 21 15 18 6 24 1 13 5 3 10 0 14 0 2 0 8 0 20 0 25 
13 0 5 0 0 0 0 0 0 0 21 22 0 0 0 14 15 0 8 3 2 6 12 24 18 
0 19 16 0 18 0 17 0 21 0 2 9 0 11 0 5 0 0 4 23 0 24 1 14 3 
14 0 13 2 6 0 22 0 24 0 25 0 9 12 3 21 4 11 16 8 10 19 15 0 5 
15 0 17 25 0 8 12 24 22 0 0 0 4 0 0 0 3 16 19 9 0 11 13 0 20 
11 0 22 13 20 4 18 3 10 19 15 21 16 0 8 0 6 0 1 0 12 2 25 0 7 
12 8 24 22 0 18 14 0 0 15 0 7 0 16 4 0 23 0 13 0 3 0 2 17 0 
3 11 10 16 9 7 20 0 1 5 0 0 0 18 13 0 0 0 0 0 0 0 17 0 4 
22 0 25 0 13 0 16 0 18 0 6 2 12 24 9 17 7 4 23 11 21 0 5 0 0 
8 0 9 0 0 15 1 19 0 17 0 0 24 2 11 0 0 0 18 0 4 20 0 0 22 
2 3 0 5 0 16 25 10 0 0 8 23 13 21 0 20 24 19 0 0 14 0 7 0 12 
0 0 0 0 0 22 0 5 0 0 24 8 15 13 2 0 10 17 0 21 18 23 0 0 0 
23 0 1 15 0 19 3 12 0 0 0 0 6 4 0 2 21 0 0 13 9 0 18 25 17 
0 0 0 7 0 0 8 16 0 0 4 19 17 10 20 25 1 15 0 6 23 18 3 0 0 
0 25 20 21 24 0 0 13 3 14 10 1 0 0 7 0 0 9 0 22 16 12 19 8 0 
0 0 0 0 21 0 0 22 0 0 0 6 0 0 17 24 2 0 11 16 0 0 4 7 10 
4 0 0 19 15 3 0 0 16 8 9 0 14 0 6 7 0 13 21 2 0 0 0 1 11 
