

initial sudoku:
| 0  0  0  | 1  6  0  | 0  0  0  |
| 0  0  0  | 8  0  0  | 0  3  9  |
| 0  9  0  | 0  0  0  | 4  0  0  |

| 1  0  7  | 5  0  0  | 0  0  4  |
| 0  0  8  | 0  0  0  | 0  0  0  |
| 9  0  0  | 0  0  0  | 6  0  1  |

| 0  0  5  | 0  0  0  | 0  7  0  |
| 0  2  0  | 0  0  0  | 0  0  0  |
| 0  7  0  | 0  4  3  | 0  0  0  |




number of zeros:60

result sudoku:
| 2  0  0  | 1  6  0  | 0  0  0  |
| 0  0  0  | 8  0  0  | 0  3  9  |
| 0  9  0  | 0  0  0  | 4  0  0  |

| 1  0  7  | 5  0  0  | 0  0  4  |
| 0  0  8  | 0  0  0  | 0  0  0  |
| 9  0  0  | 0  0  0  | 6  0  1  |

| 0  0  5  | 0  0  0  | 0  7  0  |
| 0  2  0  | 0  0  0  | 0  0  0  |
| 0  7  0  | 0  4  3  | 0  0  0  |

0---------------------------------------------

| 2  3  0  | 1  6  0  | 0  0  0  |
| 0  0  0  | 8  0  0  | 0  3  9  |
| 0  9  0  | 0  0  0  | 4  0  0  |

| 1  0  7  | 5  0  0  | 0  0  4  |
| 0  0  8  | 0  0  0  | 0  0  0  |
| 9  0  0  | 0  0  0  | 6  0  1  |

| 0  0  5  | 0  0  0  | 0  7  0  |
| 0  2  0  | 0  0  0  | 0  0  0  |
| 0  7  0  | 0  4  3  | 0  0  0  |

1---------------------------------------------

| 2  3  4  | 1  6  0  | 0  0  0  |
| 0  0  0  | 8  0  0  | 0  3  9  |
| 0  9  0  | 0  0  0  | 4  0  0  |

| 1  0  7  | 5  0  0  | 0  0  4  |
| 0  0  8  | 0  0  0  | 0  0  0  |
| 9  0  0  | 0  0  0  | 6  0  1  |

| 0  0  5  | 0  0  0  | 0  7  0  |
| 0  2  0  | 0  0  0  | 0  0  0  |
| 0  7  0  | 0  4  3  | 0  0  0  |

2---------------------------------------------

| 2  3  4  | 1  6  0  | 0  0  0  |
| 0  0  0  | 8  0  0  | 0  3  9  |
| 0  9  0  | 0  0  0  | 4  0  0  |

| 1  0  7  | 5  0  0  | 0  0  4  |
| 0  0  8  | 0  0  0  | 0  0  0  |
| 9  0  0  | 0  0  0  | 6  0  1  |

| 0  0  5  | 0  0  0  | 0  7  0  |
| 0  2  0  | 0  0  0  | 0  0  0  |
| 0  7  0  | 0  4  3  | 0  0  0  |

3---------------------------------------------

| 2  3  4  | 1  6  0  | 0  0  0  |
| 0  0  0  | 8  0  0  | 0  3  9  |
| 0  9  0  | 0  0  0  | 4  0  0  |

| 1  0  7  | 5  0  0  | 0  0  4  |
| 0  0  8  | 0  0  0  | 0  0  0  |
| 9  0  0  | 0  0  0  | 6  0  1  |

| 0  0  5  | 0  0  0  | 0  7  0  |
| 0  2  0  | 0  0  0  | 0  0  0  |
| 0  7  0  | 0  4  3  | 0  0  0  |

4---------------------------------------------

| 2  3  4  | 1  6  5  | 0  0  0  |
| 0  0  0  | 8  0  0  | 0  3  9  |
| 0  9  0  | 0  0  0  | 4  0  0  |

| 1  0  7  | 5  0  0  | 0  0  4  |
| 0  0  8  | 0  0  0  | 0  0  0  |
| 9  0  0  | 0  0  0  | 6  0  1  |

| 0  0  5  | 0  0  0  | 0  7  0  |
| 0  2  0  | 0  0  0  | 0  0  0  |
| 0  7  0  | 0  4  3  | 0  0  0  |

5---------------------------------------------

| 2  3  4  | 1  6  5  | 7  0  0  |
| 0  0  0  | 8  0  0  | 0  3  9  |
| 0  9  0  | 0  0  0  | 4  0  0  |

| 1  0  7  | 5  0  0  | 0  0  4  |
| 0  0  8  | 0  0  0  | 0  0  0  |
| 9  0  0  | 0  0  0  | 6  0  1  |

| 0  0  5  | 0  0  0  | 0  7  0  |
| 0  2  0  | 0  0  0  | 0  0  0  |
| 0  7  0  | 0  4  3  | 0  0  0  |

6---------------------------------------------

| 2  3  4  | 1  6  5  | 7  8  0  |
| 0  0  0  | 8  0  0  | 0  3  9  |
| 0  9  0  | 0  0  0  | 4  0  0  |

| 1  0  7  | 5  0  0  | 0  0  4  |
| 0  0  8  | 0  0  0  | 0  0  0  |
| 9  0  0  | 0  0  0  | 6  0  1  |

| 0  0  5  | 0  0  0  | 0  7  0  |
| 0  2  0  | 0  0  0  | 0  0  0  |
| 0  7  0  | 0  4  3  | 0  0  0  |

7---------------------------------------------

| 2  3  4  | 1  6  5  | 7  8  0  |
| 0  0  0  | 8  0  0  | 0  3  9  |
| 0  9  0  | 0  0  0  | 4  0  0  |

| 1  0  7  | 5  0  0  | 0  0  4  |
| 0  0  8  | 0  0  0  | 0  0  0  |
| 9  0  0  | 0  0  0  | 6  0  1  |

| 0  0  5  | 0  0  0  | 0  7  0  |
| 0  2  0  | 0  0  0  | 0  0  0  |
| 0  7  0  | 0  4  3  | 0  0  0  |

8---------------------------------------------

| 2  3  4  | 1  6  5  | 7  8  0  |
| 4  0  0  | 8  0  0  | 0  3  9  |
| 0  9  0  | 0  0  0  | 4  0  0  |

| 1  0  7  | 5  0  0  | 0  0  4  |
| 0  0  8  | 0  0  0  | 0  0  0  |
| 9  0  0  | 0  0  0  | 6  0  1  |

| 0  0  5  | 0  0  0  | 0  7  0  |
| 0  2  0  | 0  0  0  | 0  0  0  |
| 0  7  0  | 0  4  3  | 0  0  0  |

0---------------------------------------------

| 2  3  4  | 1  6  5  | 7  8  0  |
| 4  1  0  | 8  0  0  | 0  3  9  |
| 0  9  0  | 0  0  0  | 4  0  0  |

| 1  0  7  | 5  0  0  | 0  0  4  |
| 0  0  8  | 0  0  0  | 0  0  0  |
| 9  0  0  | 0  0  0  | 6  0  1  |

| 0  0  5  | 0  0  0  | 0  7  0  |
| 0  2  0  | 0  0  0  | 0  0  0  |
| 0  7  0  | 0  4  3  | 0  0  0  |

1---------------------------------------------

| 2  3  4  | 1  6  5  | 7  8  0  |
| 4  1  2  | 8  0  0  | 0  3  9  |
| 0  9  0  | 0  0  0  | 4  0  0  |

| 1  0  7  | 5  0  0  | 0  0  4  |
| 0  0  8  | 0  0  0  | 0  0  0  |
| 9  0  0  | 0  0  0  | 6  0  1  |

| 0  0  5  | 0  0  0  | 0  7  0  |
| 0  2  0  | 0  0  0  | 0  0  0  |
| 0  7  0  | 0  4  3  | 0  0  0  |

2---------------------------------------------

| 2  3  4  | 1  6  5  | 7  8  0  |
| 4  1  2  | 8  0  0  | 0  3  9  |
| 0  9  0  | 0  0  0  | 4  0  0  |

| 1  0  7  | 5  0  0  | 0  0  4  |
| 0  0  8  | 0  0  0  | 0  0  0  |
| 9  0  0  | 0  0  0  | 6  0  1  |

| 0  0  5  | 0  0  0  | 0  7  0  |
| 0  2  0  | 0  0  0  | 0  0  0  |
| 0  7  0  | 0  4  3  | 0  0  0  |

3---------------------------------------------

| 2  3  4  | 1  6  5  | 7  8  0  |
| 4  1  2  | 8  5  0  | 0  3  9  |
| 0  9  0  | 0  0  0  | 4  0  0  |

| 1  0  7  | 5  0  0  | 0  0  4  |
| 0  0  8  | 0  0  0  | 0  0  0  |
| 9  0  0  | 0  0  0  | 6  0  1  |

| 0  0  5  | 0  0  0  | 0  7  0  |
| 0  2  0  | 0  0  0  | 0  0  0  |
| 0  7  0  | 0  4  3  | 0  0  0  |

4---------------------------------------------

| 2  3  4  | 1  6  5  | 7  8  0  |
| 4  1  2  | 8  5  6  | 0  3  9  |
| 0  9  0  | 0  0  0  | 4  0  0  |

| 1  0  7  | 5  0  0  | 0  0  4  |
| 0  0  8  | 0  0  0  | 0  0  0  |
| 9  0  0  | 0  0  0  | 6  0  1  |

| 0  0  5  | 0  0  0  | 0  7  0  |
| 0  2  0  | 0  0  0  | 0  0  0  |
| 0  7  0  | 0  4  3  | 0  0  0  |

5---------------------------------------------

| 2  3  4  | 1  6  5  | 7  8  0  |
| 4  1  2  | 8  5  6  | 0  3  9  |
| 0  9  0  | 0  0  0  | 4  0  0  |

| 1  0  7  | 5  0  0  | 0  0  4  |
| 0  0  8  | 0  0  0  | 0  0  0  |
| 9  0  0  | 0  0  0  | 6  0  1  |

| 0  0  5  | 0  0  0  | 0  7  0  |
| 0  2  0  | 0  0  0  | 0  0  0  |
| 0  7  0  | 0  4  3  | 0  0  0  |

6---------------------------------------------

| 2  3  4  | 1  6  5  | 7  8  0  |
| 4  1  2  | 8  5  6  | 0  3  9  |
| 0  9  0  | 0  0  0  | 4  0  0  |

| 1  0  7  | 5  0  0  | 0  0  4  |
| 0  0  8  | 0  0  0  | 0  0  0  |
| 9  0  0  | 0  0  0  | 6  0  1  |

| 0  0  5  | 0  0  0  | 0  7  0  |
| 0  2  0  | 0  0  0  | 0  0  0  |
| 0  7  0  | 0  4  3  | 0  0  0  |

7---------------------------------------------

| 2  3  4  | 1  6  5  | 7  8  0  |
| 4  1  2  | 8  5  6  | 0  3  9  |
| 0  9  0  | 0  0  0  | 4  0  0  |

| 1  0  7  | 5  0  0  | 0  0  4  |
| 0  0  8  | 0  0  0  | 0  0  0  |
| 9  0  0  | 0  0  0  | 6  0  1  |

| 0  0  5  | 0  0  0  | 0  7  0  |
| 0  2  0  | 0  0  0  | 0  0  0  |
| 0  7  0  | 0  4  3  | 0  0  0  |

8---------------------------------------------

| 2  3  4  | 1  6  5  | 7  8  0  |
| 4  1  2  | 8  5  6  | 0  3  9  |
| 3  9  0  | 0  0  0  | 4  0  0  |

| 1  0  7  | 5  0  0  | 0  0  4  |
| 0  0  8  | 0  0  0  | 0  0  0  |
| 9  0  0  | 0  0  0  | 6  0  1  |

| 0  0  5  | 0  0  0  | 0  7  0  |
| 0  2  0  | 0  0  0  | 0  0  0  |
| 0  7  0  | 0  4  3  | 0  0  0  |

0---------------------------------------------

| 2  3  4  | 1  6  5  | 7  8  0  |
| 4  1  2  | 8  5  6  | 0  3  9  |
| 3  9  0  | 0  0  0  | 4  0  0  |

| 1  0  7  | 5  0  0  | 0  0  4  |
| 0  0  8  | 0  0  0  | 0  0  0  |
| 9  0  0  | 0  0  0  | 6  0  1  |

| 0  0  5  | 0  0  0  | 0  7  0  |
| 0  2  0  | 0  0  0  | 0  0  0  |
| 0  7  0  | 0  4  3  | 0  0  0  |

1---------------------------------------------

| 2  3  4  | 1  6  5  | 7  8  0  |
| 4  1  2  | 8  5  6  | 0  3  9  |
| 3  9  1  | 0  0  0  | 4  0  0  |

| 1  0  7  | 5  0  0  | 0  0  4  |
| 0  0  8  | 0  0  0  | 0  0  0  |
| 9  0  0  | 0  0  0  | 6  0  1  |

| 0  0  5  | 0  0  0  | 0  7  0  |
| 0  2  0  | 0  0  0  | 0  0  0  |
| 0  7  0  | 0  4  3  | 0  0  0  |

2---------------------------------------------

| 2  3  4  | 1  6  5  | 7  8  0  |
| 4  1  2  | 8  5  6  | 0  3  9  |
| 3  9  1  | 2  0  0  | 4  0  0  |

| 1  0  7  | 5  0  0  | 0  0  4  |
| 0  0  8  | 0  0  0  | 0  0  0  |
| 9  0  0  | 0  0  0  | 6  0  1  |

| 0  0  5  | 0  0  0  | 0  7  0  |
| 0  2  0  | 0  0  0  | 0  0  0  |
| 0  7  0  | 0  4  3  | 0  0  0  |

3---------------------------------------------

| 2  3  4  | 1  6  5  | 7  8  0  |
| 4  1  2  | 8  5  6  | 0  3  9  |
| 3  9  1  | 2  7  0  | 4  0  0  |

| 1  0  7  | 5  0  0  | 0  0  4  |
| 0  0  8  | 0  0  0  | 0  0  0  |
| 9  0  0  | 0  0  0  | 6  0  1  |

| 0  0  5  | 0  0  0  | 0  7  0  |
| 0  2  0  | 0  0  0  | 0  0  0  |
| 0  7  0  | 0  4  3  | 0  0  0  |

4---------------------------------------------

| 2  3  4  | 1  6  5  | 7  8  0  |
| 4  1  2  | 8  5  6  | 0  3  9  |
| 3  9  1  | 2  7  8  | 4  0  0  |

| 1  0  7  | 5  0  0  | 0  0  4  |
| 0  0  8  | 0  0  0  | 0  0  0  |
| 9  0  0  | 0  0  0  | 6  0  1  |

| 0  0  5  | 0  0  0  | 0  7  0  |
| 0  2  0  | 0  0  0  | 0  0  0  |
| 0  7  0  | 0  4  3  | 0  0  0  |

5---------------------------------------------

| 2  3  4  | 1  6  5  | 7  8  0  |
| 4  1  2  | 8  5  6  | 0  3  9  |
| 3  9  1  | 2  7  8  | 4  0  0  |

| 1  0  7  | 5  0  0  | 0  0  4  |
| 0  0  8  | 0  0  0  | 0  0  0  |
| 9  0  0  | 0  0  0  | 6  0  1  |

| 0  0  5  | 0  0  0  | 0  7  0  |
| 0  2  0  | 0  0  0  | 0  0  0  |
| 0  7  0  | 0  4  3  | 0  0  0  |

6---------------------------------------------

| 2  3  4  | 1  6  5  | 7  8  0  |
| 4  1  2  | 8  5  6  | 0  3  9  |
| 3  9  1  | 2  7  8  | 4  5  0  |

| 1  0  7  | 5  0  0  | 0  0  4  |
| 0  0  8  | 0  0  0  | 0  0  0  |
| 9  0  0  | 0  0  0  | 6  0  1  |

| 0  0  5  | 0  0  0  | 0  7  0  |
| 0  2  0  | 0  0  0  | 0  0  0  |
| 0  7  0  | 0  4  3  | 0  0  0  |

7---------------------------------------------

| 2  3  4  | 1  6  5  | 7  8  0  |
| 4  1  2  | 8  5  6  | 0  3  9  |
| 3  9  1  | 2  7  8  | 4  5  6  |

| 1  0  7  | 5  0  0  | 0  0  4  |
| 0  0  8  | 0  0  0  | 0  0  0  |
| 9  0  0  | 0  0  0  | 6  0  1  |

| 0  0  5  | 0  0  0  | 0  7  0  |
| 0  2  0  | 0  0  0  | 0  0  0  |
| 0  7  0  | 0  4  3  | 0  0  0  |

8---------------------------------------------

| 2  3  4  | 1  6  5  | 7  8  0  |
| 4  1  2  | 8  5  6  | 0  3  9  |
| 3  9  1  | 2  7  8  | 4  5  6  |

| 1  0  7  | 5  0  0  | 0  0  4  |
| 0  0  8  | 0  0  0  | 0  0  0  |
| 9  0  0  | 0  0  0  | 6  0  1  |

| 0  0  5  | 0  0  0  | 0  7  0  |
| 0  2  0  | 0  0  0  | 0  0  0  |
| 0  7  0  | 0  4  3  | 0  0  0  |

0---------------------------------------------

| 2  3  4  | 1  6  5  | 7  8  0  |
| 4  1  2  | 8  5  6  | 0  3  9  |
| 3  9  1  | 2  7  8  | 4  5  6  |

| 1  6  7  | 5  0  0  | 0  0  4  |
| 0  0  8  | 0  0  0  | 0  0  0  |
| 9  0  0  | 0  0  0  | 6  0  1  |

| 0  0  5  | 0  0  0  | 0  7  0  |
| 0  2  0  | 0  0  0  | 0  0  0  |
| 0  7  0  | 0  4  3  | 0  0  0  |

1---------------------------------------------

| 2  3  4  | 1  6  5  | 7  8  0  |
| 4  1  2  | 8  5  6  | 0  3  9  |
| 3  9  1  | 2  7  8  | 4  5  6  |

| 1  6  7  | 5  0  0  | 0  0  4  |
| 0  0  8  | 0  0  0  | 0  0  0  |
| 9  0  0  | 0  0  0  | 6  0  1  |

| 0  0  5  | 0  0  0  | 0  7  0  |
| 0  2  0  | 0  0  0  | 0  0  0  |
| 0  7  0  | 0  4  3  | 0  0  0  |

2---------------------------------------------

| 2  3  4  | 1  6  5  | 7  8  0  |
| 4  1  2  | 8  5  6  | 0  3  9  |
| 3  9  1  | 2  7  8  | 4  5  6  |

| 1  6  7  | 5  0  0  | 0  0  4  |
| 0  0  8  | 0  0  0  | 0  0  0  |
| 9  0  0  | 0  0  0  | 6  0  1  |

| 0  0  5  | 0  0  0  | 0  7  0  |
| 0  2  0  | 0  0  0  | 0  0  0  |
| 0  7  0  | 0  4  3  | 0  0  0  |

3---------------------------------------------

| 2  3  4  | 1  6  5  | 7  8  0  |
| 4  1  2  | 8  5  6  | 0  3  9  |
| 3  9  1  | 2  7  8  | 4  5  6  |

| 1  6  7  | 5  2  0  | 0  0  4  |
| 0  0  8  | 0  0  0  | 0  0  0  |
| 9  0  0  | 0  0  0  | 6  0  1  |

| 0  0  5  | 0  0  0  | 0  7  0  |
| 0  2  0  | 0  0  0  | 0  0  0  |
| 0  7  0  | 0  4  3  | 0  0  0  |

4---------------------------------------------

| 2  3  4  | 1  6  5  | 7  8  0  |
| 4  1  2  | 8  5  6  | 0  3  9  |
| 3  9  1  | 2  7  8  | 4  5  6  |

| 1  6  7  | 5  2  9  | 0  0  4  |
| 0  0  8  | 0  0  0  | 0  0  0  |
| 9  0  0  | 0  0  0  | 6  0  1  |

| 0  0  5  | 0  0  0  | 0  7  0  |
| 0  2  0  | 0  0  0  | 0  0  0  |
| 0  7  0  | 0  4  3  | 0  0  0  |

5---------------------------------------------

| 2  3  4  | 1  6  5  | 7  8  0  |
| 4  1  2  | 8  5  6  | 0  3  9  |
| 3  9  1  | 2  7  8  | 4  5  6  |

| 1  6  7  | 5  2  9  | 3  0  4  |
| 0  0  8  | 0  0  0  | 0  0  0  |
| 9  0  0  | 0  0  0  | 6  0  1  |

| 0  0  5  | 0  0  0  | 0  7  0  |
| 0  2  0  | 0  0  0  | 0  0  0  |
| 0  7  0  | 0  4  3  | 0  0  0  |

6---------------------------------------------

| 2  3  4  | 1  6  5  | 7  8  0  |
| 4  1  2  | 8  5  6  | 0  3  9  |
| 3  9  1  | 2  7  8  | 4  5  6  |

| 1  6  7  | 5  2  9  | 3  0  4  |
| 0  0  8  | 0  0  0  | 0  0  0  |
| 9  0  0  | 0  0  0  | 6  0  1  |

| 0  0  5  | 0  0  0  | 0  7  0  |
| 0  2  0  | 0  0  0  | 0  0  0  |
| 0  7  0  | 0  4  3  | 0  0  0  |

7---------------------------------------------

| 2  3  4  | 1  6  5  | 7  8  0  |
| 4  1  2  | 8  5  6  | 0  3  9  |
| 3  9  1  | 2  7  8  | 4  5  6  |

| 1  6  7  | 5  2  9  | 3  0  4  |
| 0  0  8  | 0  0  0  | 0  0  0  |
| 9  0  0  | 0  0  0  | 6  0  1  |

| 0  0  5  | 0  0  0  | 0  7  0  |
| 0  2  0  | 0  0  0  | 0  0  0  |
| 0  7  0  | 0  4  3  | 0  0  0  |

8---------------------------------------------

| 2  3  4  | 1  6  5  | 7  8  0  |
| 4  1  2  | 8  5  6  | 0  3  9  |
| 3  9  1  | 2  7  8  | 4  5  6  |

| 1  6  7  | 5  2  9  | 3  0  4  |
| 5  0  8  | 0  0  0  | 0  0  0  |
| 9  0  0  | 0  0  0  | 6  0  1  |

| 0  0  5  | 0  0  0  | 0  7  0  |
| 0  2  0  | 0  0  0  | 0  0  0  |
| 0  7  0  | 0  4  3  | 0  0  0  |

0---------------------------------------------

| 2  3  4  | 1  6  5  | 7  8  0  |
| 4  1  2  | 8  5  6  | 0  3  9  |
| 3  9  1  | 2  7  8  | 4  5  6  |

| 1  6  7  | 5  2  9  | 3  0  4  |
| 5  4  8  | 0  0  0  | 0  0  0  |
| 9  0  0  | 0  0  0  | 6  0  1  |

| 0  0  5  | 0  0  0  | 0  7  0  |
| 0  2  0  | 0  0  0  | 0  0  0  |
| 0  7  0  | 0  4  3  | 0  0  0  |

1---------------------------------------------

| 2  3  4  | 1  6  5  | 7  8  0  |
| 4  1  2  | 8  5  6  | 0  3  9  |
| 3  9  1  | 2  7  8  | 4  5  6  |

| 1  6  7  | 5  2  9  | 3  0  4  |
| 5  4  8  | 0  0  0  | 0  0  0  |
| 9  0  0  | 0  0  0  | 6  0  1  |

| 0  0  5  | 0  0  0  | 0  7  0  |
| 0  2  0  | 0  0  0  | 0  0  0  |
| 0  7  0  | 0  4  3  | 0  0  0  |

2---------------------------------------------

| 2  3  4  | 1  6  5  | 7  8  0  |
| 4  1  2  | 8  5  6  | 0  3  9  |
| 3  9  1  | 2  7  8  | 4  5  6  |

| 1  6  7  | 5  2  9  | 3  0  4  |
| 5  4  8  | 3  0  0  | 0  0  0  |
| 9  0  0  | 0  0  0  | 6  0  1  |

| 0  0  5  | 0  0  0  | 0  7  0  |
| 0  2  0  | 0  0  0  | 0  0  0  |
| 0  7  0  | 0  4  3  | 0  0  0  |

3---------------------------------------------

| 2  3  4  | 1  6  5  | 7  8  0  |
| 4  1  2  | 8  5  6  | 0  3  9  |
| 3  9  1  | 2  7  8  | 4  5  6  |

| 1  6  7  | 5  2  9  | 3  0  4  |
| 5  4  8  | 3  1  0  | 0  0  0  |
| 9  0  0  | 0  0  0  | 6  0  1  |

| 0  0  5  | 0  0  0  | 0  7  0  |
| 0  2  0  | 0  0  0  | 0  0  0  |
| 0  7  0  | 0  4  3  | 0  0  0  |

4---------------------------------------------

| 2  3  4  | 1  6  5  | 7  8  0  |
| 4  1  2  | 8  5  6  | 0  3  9  |
| 3  9  1  | 2  7  8  | 4  5  6  |

| 1  6  7  | 5  2  9  | 3  0  4  |
| 5  4  8  | 3  1  2  | 0  0  0  |
| 9  0  0  | 0  0  0  | 6  0  1  |

| 0  0  5  | 0  0  0  | 0  7  0  |
| 0  2  0  | 0  0  0  | 0  0  0  |
| 0  7  0  | 0  4  3  | 0  0  0  |

5---------------------------------------------

| 2  3  4  | 1  6  5  | 7  8  0  |
| 4  1  2  | 8  5  6  | 0  3  9  |
| 3  9  1  | 2  7  8  | 4  5  6  |

| 1  6  7  | 5  2  9  | 3  0  4  |
| 5  4  8  | 3  1  2  | 9  0  0  |
| 9  0  0  | 0  0  0  | 6  0  1  |

| 0  0  5  | 0  0  0  | 0  7  0  |
| 0  2  0  | 0  0  0  | 0  0  0  |
| 0  7  0  | 0  4  3  | 0  0  0  |

6---------------------------------------------

| 2  3  4  | 1  6  5  | 7  8  0  |
| 4  1  2  | 8  5  6  | 0  3  9  |
| 3  9  1  | 2  7  8  | 4  5  6  |

| 1  6  7  | 5  2  9  | 3  0  4  |
| 5  4  8  | 3  1  2  | 9  6  0  |
| 9  0  0  | 0  0  0  | 6  0  1  |

| 0  0  5  | 0  0  0  | 0  7  0  |
| 0  2  0  | 0  0  0  | 0  0  0  |
| 0  7  0  | 0  4  3  | 0  0  0  |

7---------------------------------------------

| 2  3  4  | 1  6  5  | 7  8  0  |
| 4  1  2  | 8  5  6  | 0  3  9  |
| 3  9  1  | 2  7  8  | 4  5  6  |

| 1  6  7  | 5  2  9  | 3  0  4  |
| 5  4  8  | 3  1  2  | 9  6  7  |
| 9  0  0  | 0  0  0  | 6  0  1  |

| 0  0  5  | 0  0  0  | 0  7  0  |
| 0  2  0  | 0  0  0  | 0  0  0  |
| 0  7  0  | 0  4  3  | 0  0  0  |

8---------------------------------------------

| 2  3  4  | 1  6  5  | 7  8  0  |
| 4  1  2  | 8  5  6  | 0  3  9  |
| 3  9  1  | 2  7  8  | 4  5  6  |

| 1  6  7  | 5  2  9  | 3  0  4  |
| 5  4  8  | 3  1  2  | 9  6  7  |
| 9  0  0  | 0  0  0  | 6  0  1  |

| 0  0  5  | 0  0  0  | 0  7  0  |
| 0  2  0  | 0  0  0  | 0  0  0  |
| 0  7  0  | 0  4  3  | 0  0  0  |

0---------------------------------------------

| 2  3  4  | 1  6  5  | 7  8  0  |
| 4  1  2  | 8  5  6  | 0  3  9  |
| 3  9  1  | 2  7  8  | 4  5  6  |

| 1  6  7  | 5  2  9  | 3  0  4  |
| 5  4  8  | 3  1  2  | 9  6  7  |
| 9  5  0  | 0  0  0  | 6  0  1  |

| 0  0  5  | 0  0  0  | 0  7  0  |
| 0  2  0  | 0  0  0  | 0  0  0  |
| 0  7  0  | 0  4  3  | 0  0  0  |

1---------------------------------------------

| 2  3  4  | 1  6  5  | 7  8  0  |
| 4  1  2  | 8  5  6  | 0  3  9  |
| 3  9  1  | 2  7  8  | 4  5  6  |

| 1  6  7  | 5  2  9  | 3  0  4  |
| 5  4  8  | 3  1  2  | 9  6  7  |
| 9  5  3  | 0  0  0  | 6  0  1  |

| 0  0  5  | 0  0  0  | 0  7  0  |
| 0  2  0  | 0  0  0  | 0  0  0  |
| 0  7  0  | 0  4  3  | 0  0  0  |

2---------------------------------------------

| 2  3  4  | 1  6  5  | 7  8  0  |
| 4  1  2  | 8  5  6  | 0  3  9  |
| 3  9  1  | 2  7  8  | 4  5  6  |

| 1  6  7  | 5  2  9  | 3  0  4  |
| 5  4  8  | 3  1  2  | 9  6  7  |
| 9  5  3  | 4  0  0  | 6  0  1  |

| 0  0  5  | 0  0  0  | 0  7  0  |
| 0  2  0  | 0  0  0  | 0  0  0  |
| 0  7  0  | 0  4  3  | 0  0  0  |

3---------------------------------------------

| 2  3  4  | 1  6  5  | 7  8  0  |
| 4  1  2  | 8  5  6  | 0  3  9  |
| 3  9  1  | 2  7  8  | 4  5  6  |

| 1  6  7  | 5  2  9  | 3  0  4  |
| 5  4  8  | 3  1  2  | 9  6  7  |
| 9  5  3  | 4  8  0  | 6  0  1  |

| 0  0  5  | 0  0  0  | 0  7  0  |
| 0  2  0  | 0  0  0  | 0  0  0  |
| 0  7  0  | 0  4  3  | 0  0  0  |

4---------------------------------------------

| 2  3  4  | 1  6  5  | 7  8  0  |
| 4  1  2  | 8  5  6  | 0  3  9  |
| 3  9  1  | 2  7  8  | 4  5  6  |

| 1  6  7  | 5  2  9  | 3  0  4  |
| 5  4  8  | 3  1  2  | 9  6  7  |
| 9  5  3  | 4  8  7  | 6  0  1  |

| 0  0  5  | 0  0  0  | 0  7  0  |
| 0  2  0  | 0  0  0  | 0  0  0  |
| 0  7  0  | 0  4  3  | 0  0  0  |

5---------------------------------------------

| 2  3  4  | 1  6  5  | 7  8  0  |
| 4  1  2  | 8  5  6  | 0  3  9  |
| 3  9  1  | 2  7  8  | 4  5  6  |

| 1  6  7  | 5  2  9  | 3  0  4  |
| 5  4  8  | 3  1  2  | 9  6  7  |
| 9  5  3  | 4  8  7  | 6  0  1  |

| 0  0  5  | 0  0  0  | 0  7  0  |
| 0  2  0  | 0  0  0  | 0  0  0  |
| 0  7  0  | 0  4  3  | 0  0  0  |

6---------------------------------------------

| 2  3  4  | 1  6  5  | 7  8  0  |
| 4  1  2  | 8  5  6  | 0  3  9  |
| 3  9  1  | 2  7  8  | 4  5  6  |

| 1  6  7  | 5  2  9  | 3  0  4  |
| 5  4  8  | 3  1  2  | 9  6  7  |
| 9  5  3  | 4  8  7  | 6  2  1  |

| 0  0  5  | 0  0  0  | 0  7  0  |
| 0  2  0  | 0  0  0  | 0  0  0  |
| 0  7  0  | 0  4  3  | 0  0  0  |

7---------------------------------------------

| 2  3  4  | 1  6  5  | 7  8  0  |
| 4  1  2  | 8  5  6  | 0  3  9  |
| 3  9  1  | 2  7  8  | 4  5  6  |

| 1  6  7  | 5  2  9  | 3  0  4  |
| 5  4  8  | 3  1  2  | 9  6  7  |
| 9  5  3  | 4  8  7  | 6  2  1  |

| 0  0  5  | 0  0  0  | 0  7  0  |
| 0  2  0  | 0  0  0  | 0  0  0  |
| 0  7  0  | 0  4  3  | 0  0  0  |

8---------------------------------------------

| 2  3  4  | 1  6  5  | 7  8  0  |
| 4  1  2  | 8  5  6  | 0  3  9  |
| 3  9  1  | 2  7  8  | 4  5  6  |

| 1  6  7  | 5  2  9  | 3  0  4  |
| 5  4  8  | 3  1  2  | 9  6  7  |
| 9  5  3  | 4  8  7  | 6  2  1  |

| 6  0  5  | 0  0  0  | 0  7  0  |
| 0  2  0  | 0  0  0  | 0  0  0  |
| 0  7  0  | 0  4  3  | 0  0  0  |

0---------------------------------------------

| 2  3  4  | 1  6  5  | 7  8  0  |
| 4  1  2  | 8  5  6  | 0  3  9  |
| 3  9  1  | 2  7  8  | 4  5  6  |

| 1  6  7  | 5  2  9  | 3  0  4  |
| 5  4  8  | 3  1  2  | 9  6  7  |
| 9  5  3  | 4  8  7  | 6  2  1  |

| 6  8  5  | 0  0  0  | 0  7  0  |
| 0  2  0  | 0  0  0  | 0  0  0  |
| 0  7  0  | 0  4  3  | 0  0  0  |

1---------------------------------------------

| 2  3  4  | 1  6  5  | 7  8  0  |
| 4  1  2  | 8  5  6  | 0  3  9  |
| 3  9  1  | 2  7  8  | 4  5  6  |

| 1  6  7  | 5  2  9  | 3  0  4  |
| 5  4  8  | 3  1  2  | 9  6  7  |
| 9  5  3  | 4  8  7  | 6  2  1  |

| 6  8  5  | 0  0  0  | 0  7  0  |
| 0  2  0  | 0  0  0  | 0  0  0  |
| 0  7  0  | 0  4  3  | 0  0  0  |

2---------------------------------------------

| 2  3  4  | 1  6  5  | 7  8  0  |
| 4  1  2  | 8  5  6  | 0  3  9  |
| 3  9  1  | 2  7  8  | 4  5  6  |

| 1  6  7  | 5  2  9  | 3  0  4  |
| 5  4  8  | 3  1  2  | 9  6  7  |
| 9  5  3  | 4  8  7  | 6  2  1  |

| 6  8  5  | 9  0  0  | 0  7  0  |
| 0  2  0  | 0  0  0  | 0  0  0  |
| 0  7  0  | 0  4  3  | 0  0  0  |

3---------------------------------------------

| 2  3  4  | 1  6  5  | 7  8  0  |
| 4  1  2  | 8  5  6  | 0  3  9  |
| 3  9  1  | 2  7  8  | 4  5  6  |

| 1  6  7  | 5  2  9  | 3  0  4  |
| 5  4  8  | 3  1  2  | 9  6  7  |
| 9  5  3  | 4  8  7  | 6  2  1  |

| 6  8  5  | 9  3  0  | 0  7  0  |
| 0  2  0  | 0  0  0  | 0  0  0  |
| 0  7  0  | 0  4  3  | 0  0  0  |

4---------------------------------------------

| 2  3  4  | 1  6  5  | 7  8  0  |
| 4  1  2  | 8  5  6  | 0  3  9  |
| 3  9  1  | 2  7  8  | 4  5  6  |

| 1  6  7  | 5  2  9  | 3  0  4  |
| 5  4  8  | 3  1  2  | 9  6  7  |
| 9  5  3  | 4  8  7  | 6  2  1  |

| 6  8  5  | 9  3  1  | 0  7  0  |
| 0  2  0  | 0  0  0  | 0  0  0  |
| 0  7  0  | 0  4  3  | 0  0  0  |

5---------------------------------------------

| 2  3  4  | 1  6  5  | 7  8  0  |
| 4  1  2  | 8  5  6  | 0  3  9  |
| 3  9  1  | 2  7  8  | 4  5  6  |

| 1  6  7  | 5  2  9  | 3  0  4  |
| 5  4  8  | 3  1  2  | 9  6  7  |
| 9  5  3  | 4  8  7  | 6  2  1  |

| 6  8  5  | 9  3  1  | 2  7  0  |
| 0  2  0  | 0  0  0  | 0  0  0  |
| 0  7  0  | 0  4  3  | 0  0  0  |

6---------------------------------------------

| 2  3  4  | 1  6  5  | 7  8  0  |
| 4  1  2  | 8  5  6  | 0  3  9  |
| 3  9  1  | 2  7  8  | 4  5  6  |

| 1  6  7  | 5  2  9  | 3  0  4  |
| 5  4  8  | 3  1  2  | 9  6  7  |
| 9  5  3  | 4  8  7  | 6  2  1  |

| 6  8  5  | 9  3  1  | 2  7  0  |
| 0  2  0  | 0  0  0  | 0  0  0  |
| 0  7  0  | 0  4  3  | 0  0  0  |

7---------------------------------------------

| 2  3  4  | 1  6  5  | 7  8  0  |
| 4  1  2  | 8  5  6  | 0  3  9  |
| 3  9  1  | 2  7  8  | 4  5  6  |

| 1  6  7  | 5  2  9  | 3  0  4  |
| 5  4  8  | 3  1  2  | 9  6  7  |
| 9  5  3  | 4  8  7  | 6  2  1  |

| 6  8  5  | 9  3  1  | 2  7  0  |
| 0  2  0  | 0  0  0  | 0  0  0  |
| 0  7  0  | 0  4  3  | 0  0  0  |

8---------------------------------------------

| 2  3  4  | 1  6  5  | 7  8  0  |
| 4  1  2  | 8  5  6  | 0  3  9  |
| 3  9  1  | 2  7  8  | 4  5  6  |

| 1  6  7  | 5  2  9  | 3  0  4  |
| 5  4  8  | 3  1  2  | 9  6  7  |
| 9  5  3  | 4  8  7  | 6  2  1  |

| 6  8  5  | 9  3  1  | 2  7  0  |
| 7  2  0  | 0  0  0  | 0  0  0  |
| 0  7  0  | 0  4  3  | 0  0  0  |

0---------------------------------------------

| 2  3  4  | 1  6  5  | 7  8  0  |
| 4  1  2  | 8  5  6  | 0  3  9  |
| 3  9  1  | 2  7  8  | 4  5  6  |

| 1  6  7  | 5  2  9  | 3  0  4  |
| 5  4  8  | 3  1  2  | 9  6  7  |
| 9  5  3  | 4  8  7  | 6  2  1  |

| 6  8  5  | 9  3  1  | 2  7  0  |
| 7  2  0  | 0  0  0  | 0  0  0  |
| 0  7  0  | 0  4  3  | 0  0  0  |

1---------------------------------------------

| 2  3  4  | 1  6  5  | 7  8  0  |
| 4  1  2  | 8  5  6  | 0  3  9  |
| 3  9  1  | 2  7  8  | 4  5  6  |

| 1  6  7  | 5  2  9  | 3  0  4  |
| 5  4  8  | 3  1  2  | 9  6  7  |
| 9  5  3  | 4  8  7  | 6  2  1  |

| 6  8  5  | 9  3  1  | 2  7  0  |
| 7  2  6  | 0  0  0  | 0  0  0  |
| 0  7  0  | 0  4  3  | 0  0  0  |

2---------------------------------------------

| 2  3  4  | 1  6  5  | 7  8  0  |
| 4  1  2  | 8  5  6  | 0  3  9  |
| 3  9  1  | 2  7  8  | 4  5  6  |

| 1  6  7  | 5  2  9  | 3  0  4  |
| 5  4  8  | 3  1  2  | 9  6  7  |
| 9  5  3  | 4  8  7  | 6  2  1  |

| 6  8  5  | 9  3  1  | 2  7  0  |
| 7  2  6  | 0  0  0  | 0  0  0  |
| 0  7  0  | 0  4  3  | 0  0  0  |

3---------------------------------------------

| 2  3  4  | 1  6  5  | 7  8  0  |
| 4  1  2  | 8  5  6  | 0  3  9  |
| 3  9  1  | 2  7  8  | 4  5  6  |

| 1  6  7  | 5  2  9  | 3  0  4  |
| 5  4  8  | 3  1  2  | 9  6  7  |
| 9  5  3  | 4  8  7  | 6  2  1  |

| 6  8  5  | 9  3  1  | 2  7  0  |
| 7  2  6  | 0  9  0  | 0  0  0  |
| 0  7  0  | 0  4  3  | 0  0  0  |

4---------------------------------------------

| 2  3  4  | 1  6  5  | 7  8  0  |
| 4  1  2  | 8  5  6  | 0  3  9  |
| 3  9  1  | 2  7  8  | 4  5  6  |

| 1  6  7  | 5  2  9  | 3  0  4  |
| 5  4  8  | 3  1  2  | 9  6  7  |
| 9  5  3  | 4  8  7  | 6  2  1  |

| 6  8  5  | 9  3  1  | 2  7  0  |
| 7  2  6  | 0  9  4  | 0  0  0  |
| 0  7  0  | 0  4  3  | 0  0  0  |

5---------------------------------------------

| 2  3  4  | 1  6  5  | 7  8  0  |
| 4  1  2  | 8  5  6  | 0  3  9  |
| 3  9  1  | 2  7  8  | 4  5  6  |

| 1  6  7  | 5  2  9  | 3  0  4  |
| 5  4  8  | 3  1  2  | 9  6  7  |
| 9  5  3  | 4  8  7  | 6  2  1  |

| 6  8  5  | 9  3  1  | 2  7  0  |
| 7  2  6  | 0  9  4  | 1  0  0  |
| 0  7  0  | 0  4  3  | 0  0  0  |

6---------------------------------------------

| 2  3  4  | 1  6  5  | 7  8  0  |
| 4  1  2  | 8  5  6  | 0  3  9  |
| 3  9  1  | 2  7  8  | 4  5  6  |

| 1  6  7  | 5  2  9  | 3  0  4  |
| 5  4  8  | 3  1  2  | 9  6  7  |
| 9  5  3  | 4  8  7  | 6  2  1  |

| 6  8  5  | 9  3  1  | 2  7  0  |
| 7  2  6  | 0  9  4  | 1  0  0  |
| 0  7  0  | 0  4  3  | 0  0  0  |

7---------------------------------------------

| 2  3  4  | 1  6  5  | 7  8  0  |
| 4  1  2  | 8  5  6  | 0  3  9  |
| 3  9  1  | 2  7  8  | 4  5  6  |

| 1  6  7  | 5  2  9  | 3  0  4  |
| 5  4  8  | 3  1  2  | 9  6  7  |
| 9  5  3  | 4  8  7  | 6  2  1  |

| 6  8  5  | 9  3  1  | 2  7  0  |
| 7  2  6  | 0  9  4  | 1  0  3  |
| 0  7  0  | 0  4  3  | 0  0  0  |

8---------------------------------------------

| 2  3  4  | 1  6  5  | 7  8  0  |
| 4  1  2  | 8  5  6  | 0  3  9  |
| 3  9  1  | 2  7  8  | 4  5  6  |

| 1  6  7  | 5  2  9  | 3  0  4  |
| 5  4  8  | 3  1  2  | 9  6  7  |
| 9  5  3  | 4  8  7  | 6  2  1  |

| 6  8  5  | 9  3  1  | 2  7  0  |
| 7  2  6  | 0  9  4  | 1  0  3  |
| 8  7  0  | 0  4  3  | 0  0  0  |

0---------------------------------------------

| 2  3  4  | 1  6  5  | 7  8  0  |
| 4  1  2  | 8  5  6  | 0  3  9  |
| 3  9  1  | 2  7  8  | 4  5  6  |

| 1  6  7  | 5  2  9  | 3  0  4  |
| 5  4  8  | 3  1  2  | 9  6  7  |
| 9  5  3  | 4  8  7  | 6  2  1  |

| 6  8  5  | 9  3  1  | 2  7  0  |
| 7  2  6  | 0  9  4  | 1  0  3  |
| 8  7  0  | 0  4  3  | 0  0  0  |

1---------------------------------------------

| 2  3  4  | 1  6  5  | 7  8  0  |
| 4  1  2  | 8  5  6  | 0  3  9  |
| 3  9  1  | 2  7  8  | 4  5  6  |

| 1  6  7  | 5  2  9  | 3  0  4  |
| 5  4  8  | 3  1  2  | 9  6  7  |
| 9  5  3  | 4  8  7  | 6  2  1  |

| 6  8  5  | 9  3  1  | 2  7  0  |
| 7  2  6  | 0  9  4  | 1  0  3  |
| 8  7  9  | 0  4  3  | 0  0  0  |

2---------------------------------------------

| 2  3  4  | 1  6  5  | 7  8  0  |
| 4  1  2  | 8  5  6  | 0  3  9  |
| 3  9  1  | 2  7  8  | 4  5  6  |

| 1  6  7  | 5  2  9  | 3  0  4  |
| 5  4  8  | 3  1  2  | 9  6  7  |
| 9  5  3  | 4  8  7  | 6  2  1  |

| 6  8  5  | 9  3  1  | 2  7  0  |
| 7  2  6  | 0  9  4  | 1  0  3  |
| 8  7  9  | 6  4  3  | 0  0  0  |

3---------------------------------------------

| 2  3  4  | 1  6  5  | 7  8  0  |
| 4  1  2  | 8  5  6  | 0  3  9  |
| 3  9  1  | 2  7  8  | 4  5  6  |

| 1  6  7  | 5  2  9  | 3  0  4  |
| 5  4  8  | 3  1  2  | 9  6  7  |
| 9  5  3  | 4  8  7  | 6  2  1  |

| 6  8  5  | 9  3  1  | 2  7  0  |
| 7  2  6  | 0  9  4  | 1  0  3  |
| 8  7  9  | 6  4  3  | 0  0  0  |

4---------------------------------------------

| 2  3  4  | 1  6  5  | 7  8  0  |
| 4  1  2  | 8  5  6  | 0  3  9  |
| 3  9  1  | 2  7  8  | 4  5  6  |

| 1  6  7  | 5  2  9  | 3  0  4  |
| 5  4  8  | 3  1  2  | 9  6  7  |
| 9  5  3  | 4  8  7  | 6  2  1  |

| 6  8  5  | 9  3  1  | 2  7  0  |
| 7  2  6  | 0  9  4  | 1  0  3  |
| 8  7  9  | 6  4  3  | 0  0  0  |

5---------------------------------------------

| 2  3  4  | 1  6  5  | 7  8  0  |
| 4  1  2  | 8  5  6  | 0  3  9  |
| 3  9  1  | 2  7  8  | 4  5  6  |

| 1  6  7  | 5  2  9  | 3  0  4  |
| 5  4  8  | 3  1  2  | 9  6  7  |
| 9  5  3  | 4  8  7  | 6  2  1  |

| 6  8  5  | 9  3  1  | 2  7  0  |
| 7  2  6  | 0  9  4  | 1  0  3  |
| 8  7  9  | 6  4  3  | 5  0  0  |

6---------------------------------------------

| 2  3  4  | 1  6  5  | 7  8  0  |
| 4  1  2  | 8  5  6  | 0  3  9  |
| 3  9  1  | 2  7  8  | 4  5  6  |

| 1  6  7  | 5  2  9  | 3  0  4  |
| 5  4  8  | 3  1  2  | 9  6  7  |
| 9  5  3  | 4  8  7  | 6  2  1  |

| 6  8  5  | 9  3  1  | 2  7  0  |
| 7  2  6  | 0  9  4  | 1  0  3  |
| 8  7  9  | 6  4  3  | 5  1  0  |

7---------------------------------------------

| 2  3  4  | 1  6  5  | 7  8  0  |
| 4  1  2  | 8  5  6  | 0  3  9  |
| 3  9  1  | 2  7  8  | 4  5  6  |

| 1  6  7  | 5  2  9  | 3  0  4  |
| 5  4  8  | 3  1  2  | 9  6  7  |
| 9  5  3  | 4  8  7  | 6  2  1  |

| 6  8  5  | 9  3  1  | 2  7  0  |
| 7  2  6  | 0  9  4  | 1  0  3  |
| 8  7  9  | 6  4  3  | 5  1  2  |

8---------------------------------------------

| 2  3  4  | 1  6  5  | 7  8  0  |
| 4  1  2  | 8  5  6  | 0  3  9  |
| 3  9  1  | 2  7  8  | 4  5  6  |

| 1  6  7  | 5  2  9  | 3  0  4  |
| 5  4  8  | 3  1  2  | 9  6  7  |
| 9  5  3  | 4  8  7  | 6  2  1  |

| 6  8  5  | 9  3  1  | 2  7  0  |
| 7  2  6  | 0  9  4  | 1  0  3  |
| 8  7  9  | 6  4  3  | 5  1  2  |


row=0 | col=0 | num=2
wrong!
no solution!
it took 0.002304 sec.

