4
0 0 0 0 0 0 0 0 0 2 12 14 0 16 10 5 
0 0 0 10 0 14 5 16 8 0 15 3 0 0 0 0 
14 16 6 0 0 0 0 15 1 13 0 5 0 3 0 12 
0 0 0 2 11 3 0 0 10 0 0 6 0 0 4 0 
5 0 0 0 0 0 0 0 6 0 11 8 0 0 0 16 
12 0 0 4 15 11 9 0 0 7 3 0 0 0 13 0 
13 8 0 0 0 0 7 4 0 15 0 16 2 0 9 0 
10 7 1 0 0 2 0 0 0 0 0 0 12 15 3 4 
8 5 2 1 0 0 0 0 0 0 7 0 0 10 6 14 
0 6 0 16 3 0 1 0 15 14 0 0 0 0 5 7 
0 12 0 0 0 16 6 0 0 10 5 4 3 0 0 2 
11 0 0 0 5 8 0 2 0 0 0 0 0 0 0 15 
0 15 0 0 9 0 0 8 0 0 2 13 10 0 0 0 
2 0 8 0 4 0 13 14 11 0 0 0 0 6 15 3 
0 0 0 0 2 7 0 10 3 8 14 0 1 0 0 0 
9 10 7 0 1 15 11 0 0 0 0 0 0 0 0 0 
