4
2 0 14 0 0 0 0 0 0 0 0 12 6 0 3 0 
0 0 0 12 13 0 0 0 0 0 14 0 0 4 0 0 
0 13 0 0 5 4 6 16 0 0 0 0 7 15 8 0 
11 0 15 0 0 0 0 0 8 0 0 0 5 0 9 0 
0 0 0 0 0 9 1 10 2 7 0 0 0 0 0 11 
0 0 7 13 0 0 0 0 0 0 0 6 0 0 0 0 
0 0 0 1 0 0 0 0 0 8 15 11 12 2 0 16 
10 0 0 0 0 0 0 0 0 16 0 0 0 0 13 0 
0 0 0 0 0 0 0 11 0 0 0 0 0 0 0 10 
0 0 4 14 0 6 5 0 0 0 9 0 0 0 0 0 
0 1 0 0 14 10 0 13 0 11 0 0 0 0 0 0 
9 0 2 8 0 12 0 0 0 0 3 4 0 0 7 5 
0 0 0 3 0 0 0 0 0 0 0 13 0 7 0 0 
0 0 0 0 10 0 11 0 15 0 0 0 0 0 0 0 
16 0 0 0 1 0 8 0 0 0 0 0 4 0 0 0 
14 4 0 15 6 0 0 0 0 0 0 0 0 0 0 0
