4
0 14 0 0 0 0 0 9 0 0 11 0 8 0 0 10 
0 6 0 16 10 3 0 0 0 0 0 0 0 13 0 14 
0 1 0 0 5 0 0 13 0 0 0 8 0 11 2 0 
0 4 12 0 0 0 6 0 0 3 0 9 16 0 15 0 
0 0 0 0 15 10 0 0 0 0 7 0 3 14 0 8 
10 0 4 11 14 6 2 0 0 13 1 12 0 7 9 0 
6 0 0 0 13 0 0 11 10 0 0 5 12 0 4 2 
16 0 0 0 0 12 5 0 0 9 8 0 0 0 0 11 
9 0 0 0 0 8 7 0 0 1 14 0 0 0 0 15 
1 3 0 5 2 0 0 15 9 0 0 13 0 0 0 7 
0 8 13 0 6 4 10 0 0 5 12 11 1 3 0 9 
14 0 7 4 0 9 0 0 0 0 3 16 0 0 0 0 
0 16 0 3 1 0 15 0 0 6 0 0 0 2 12 0 
0 9 14 0 12 0 0 0 8 0 0 3 0 0 1 0 
7 0 5 0 0 0 0 0 0 0 16 4 15 0 10 0 
4 0 0 13 0 2 0 0 1 0 0 0 0 0 5 0  
