4
0 0 0 13 5 0 0 12 15 6 0 1 0 4 8 11 
0 0 0 0 0 0 9 6 10 12 3 16 15 1 7 0 
0 4 0 0 7 0 0 0 0 14 0 0 0 0 0 6 
12 0 0 0 0 0 0 0 0 0 0 0 14 0 0 0 
0 0 10 0 0 0 0 14 16 15 0 12 6 0 0 8 
2 0 8 0 9 0 0 10 1 0 0 5 7 16 0 3 
0 0 0 3 0 0 1 16 0 0 6 4 0 0 13 2 
1 0 0 0 0 5 0 0 0 10 0 0 0 15 14 0 
0 3 13 0 0 0 5 0 0 0 16 0 0 0 0 1 
16 12 0 0 6 11 0 0 9 8 0 0 5 0 0 0 
11 0 14 15 16 0 0 4 13 0 0 6 0 3 0 12 
6 0 0 9 1 0 12 15 4 0 0 0 0 13 0 0 
0 0 0 6 0 0 0 0 0 0 0 0 0 0 0 5 
7 0 0 0 0 0 8 0 0 0 0 10 0 0 12 0 
0 9 5 11 13 12 2 7 14 3 0 0 0 0 0 0 
13 10 12 0 15 0 4 3 11 0 0 7 2 0 0 0 
