5
23 8 25 4 18 0 0 0 0 6 0 0 0 0 7 19 0 11 12 17 0 0 16 24 0 
10 0 7 0 16 20 1 14 8 0 0 24 0 0 0 0 0 0 0 18 5 0 9 0 17 
0 0 0 11 0 0 15 2 22 0 5 6 16 0 0 3 8 21 0 0 20 25 0 0 23 
5 0 0 3 2 0 23 0 11 0 0 0 15 0 0 0 0 20 0 0 0 0 0 0 4 
20 0 0 6 0 21 0 4 7 19 18 3 14 8 0 25 23 1 0 5 0 12 0 0 15 
6 0 10 17 0 7 0 0 0 0 0 0 8 12 16 0 18 3 0 2 0 1 0 9 24 
0 7 12 5 0 0 20 0 16 4 14 9 0 6 22 15 0 0 0 10 0 18 8 0 0 
0 4 0 0 24 14 8 25 1 0 13 0 3 0 15 0 0 0 0 0 0 23 2 6 0 
0 21 20 0 0 23 0 0 3 0 0 0 1 0 11 24 6 8 14 0 15 0 5 0 0 
15 0 0 8 25 0 0 10 0 0 0 23 0 0 19 1 22 4 0 13 0 0 0 7 0 
0 0 11 10 0 0 16 22 13 0 3 18 2 9 24 0 0 0 0 1 0 14 17 5 0 
0 0 0 0 23 0 0 6 4 5 0 0 0 14 21 11 3 9 15 0 22 0 0 0 18 
0 0 0 25 3 0 19 0 0 23 16 0 5 0 17 14 0 0 10 0 24 7 0 0 0 
16 0 0 0 8 0 18 12 24 10 19 7 0 0 0 13 20 2 0 0 1 0 0 0 0 
0 5 2 22 0 3 0 0 0 0 23 25 11 15 1 0 17 24 18 0 0 10 19 0 0 
0 10 0 0 0 19 0 8 20 9 1 0 0 7 0 0 0 13 0 0 12 4 0 0 2 
0 0 18 0 21 0 17 7 25 1 22 0 6 0 0 0 14 0 0 11 0 0 3 16 0 
0 22 16 7 0 0 0 0 0 0 20 0 9 0 18 0 1 19 3 24 23 0 0 11 0 
0 0 3 19 0 18 0 0 0 2 25 15 0 11 14 4 16 0 21 0 0 8 6 17 0 
8 2 0 1 0 16 0 21 15 0 24 4 19 0 0 0 0 0 0 25 0 13 10 0 22 
3 0 0 18 0 1 0 19 21 16 0 2 23 22 20 5 13 25 0 4 0 9 0 0 7 
24 0 0 0 0 0 0 5 0 0 0 0 4 0 0 0 9 0 8 0 10 20 0 0 11 
21 0 0 15 9 0 0 20 6 14 0 0 25 3 5 0 24 18 7 0 0 22 0 0 0 
17 0 4 0 20 24 0 0 0 0 0 0 0 21 0 0 19 16 1 12 13 0 18 0 3 
0 16 5 0 0 15 25 23 0 13 12 0 0 0 0 20 0 0 0 0 6 2 4 1 8 
